3  0.003870
4  0.015480
5  0.034830
6  0.061920
7  0.096750
8  0.139320
9  0.189630
10  0.247680
11  0.313470
12  0.387000
13  0.468270
14  0.557280
15  0.654030
16  0.758520
17  0.870750
18  0.990720
19  1.118430
20  1.253880
21  1.397070
22  1.548000
23  1.706670
24  1.873080
25  2.047230
26  2.229120
27  2.418750
28  2.616120
29  2.821230
30  3.034080
31  3.254670
32  3.483000
33  3.719070
34  3.962880
35  4.214430
36  4.473720
37  4.740750
38  5.015520
39  5.298030
40  5.588280
41  5.886270
42  6.192000
43  6.505470
44  6.826680
45  7.155630
46  7.492320
47  7.836750
48  8.188920
49  8.548830
50  8.916480

