3  0.000150
4  0.000230
5  0.000260
6  0.000240
7  0.000270
8  0.000350
9  0.000380
10  0.000460
11  0.000490
12  0.000520
13  0.000550
14  0.000580
15  0.000610
16  0.000690
17  0.000720
18  0.000800
19  0.000830
20  0.000910
21  0.000940
22  0.001020
23  0.001050
24  0.001080
25  0.001110
26  0.001140
27  0.001170
28  0.001200
29  0.001230
30  0.001260
31  0.001290
32  0.001370
33  0.001400
34  0.001480
35  0.001510
36  0.001590
37  0.001620
38  0.001700
39  0.001730
40  0.001810
41  0.001840
42  0.001920
43  0.001950
44  0.002030
45  0.002060
46  0.002140
47  0.002170
48  0.002200
49  0.002230
50  0.002260