3 0.00357
4 0.01373
5 0.03059
6 0.05415
7 0.08441
8 0.12137
9 0.16503
10 0.21539
11 0.27245
12 0.33621
13 0.40667
14 0.48383
15 0.56769
16 0.65825
17 0.75551
18 0.85947
19 0.97013
20 1.08749
21 1.21155
22 1.34231
23 1.47977
24 1.62393
25 1.77479
26 1.93235
27 2.09661
28 2.26757
29 2.44523
30 2.62959
31 2.82065
32 3.01841
33 3.22287
34 3.43403
35 3.65189
36 3.87645
37 4.10771
38 4.34567
39 4.59033
40 4.84169
41 5.09975
42 5.36451
43 5.63597
44 5.91413
45 6.19899
46 6.49055
47 6.78881
48 7.09377
49 7.40543
50 7.72379
