3 0.003270
4 0.011980
5 0.026350
6 0.046380
7 0.072070
8 0.103420
9 0.140430
10 0.183100
11 0.231430
12 0.285420
13 0.345070
14 0.410380
15 0.481350
16 0.557980
17 0.640270
18 0.728220
19 0.821830
20 0.921100
21 1.026030
22 1.136620
23 1.252870
24 1.374780
25 1.502350
26 1.635580
27 1.774470
28 1.919020
29 2.069230
30 2.225100
31 2.386630
32 2.553820
33 2.726670
34 2.905180
35 3.089350
36 3.279180
37 3.474670
38 3.675820
39 3.882630
40 4.095100
41 4.313230
42 4.537020
43 4.766470
44 5.001580
45 5.242350
46 5.488780
47 5.740870
48 5.998620
49 6.262030
50 6.531100
