5 0.013900
10 0.025400
15 0.036900
20 0.048400
25 0.059900
30 0.071400
35 0.082900
40 0.094400
45 0.105900
50 0.117400
55 0.128900
60 0.140400
65 0.151900
70 0.163400
75 0.174900
80 0.186400
85 0.197900
90 0.209400
95 0.220900
100 0.232400
105 0.243900
110 0.255400
115 0.266900
120 0.278400
125 0.289900
130 0.301400
135 0.312900
140 0.324400
145 0.335900
150 0.347400
155 0.358900
160 0.370400
165 0.381900
170 0.393400
175 0.404900
180 0.416400
185 0.427900
190 0.439400
195 0.450900
200 0.462400


