5 0.014700 
10 0.027200
15 0.039700
20 0.052200
25 0.064700
30 0.077200
35 0.089700
40 0.102200
45 0.114700
50 0.127200
55 0.139700
60 0.152200
65 0.164700
70 0.177200
75 0.189700 
80 0.20220
85 0.214700
90 0.227200
95 0.239700
100 0.252200
105 0.264700
110 0.277200
115 0.289700
120 0.302200
125 0.314700
130 0.327200
135 0.339700
140 0.352200
145 0.364700
150 0.377200
155 0.389700
160 0.402200
165 0.414700
170 0.427200
175 0.439700
180 0.452200
185 0.464700
190 0.477200
195 0.489700
200 0.502200

